      0/29        0G   0.05706   0.01582  0.007272   0.08016         1       640    0.4415    0.5688    0.4454    0.1464   0.09657   0.01528  0.008925
      1/29        0G   0.04508   0.01111  0.002274   0.05847         6       640    0.6503    0.5697    0.6258    0.1715    0.0868   0.01373  0.005867
      2/29        0G   0.04283   0.01105  0.001771   0.05565         5       640    0.3599    0.8024    0.4916    0.2277   0.08972   0.01249  0.004042
      3/29        0G   0.03565  0.009607  0.001148   0.04641         7       640    0.8227    0.8576    0.9152    0.5359   0.08589   0.01027  0.003422
      4/29        0G   0.03133  0.009416  0.000527   0.04127         1       640    0.8447    0.9636    0.9573    0.5419   0.07553   0.01149  0.003569
      5/29        0G   0.02809  0.009859  0.000404   0.03835         6       640    0.9039    0.9606    0.9526    0.5782   0.06752   0.01163  0.003032
      6/29        0G   0.02603  0.009883 0.0003874    0.0363         6       640    0.9681    0.9726     0.983    0.6192   0.05902    0.0124  0.002186
      7/29        0G   0.02435   0.01013 0.0003278   0.03481         5       640    0.9346    0.9835     0.976    0.6302    0.0565   0.01156  0.001422
      8/29        0G   0.02297  0.009591 0.0003199   0.03288         2       640    0.9467    0.9677    0.9698    0.6341   0.05527   0.01116   0.00137
      9/29        0G   0.02255  0.009455 0.0002465   0.03225         7       640    0.9734    0.9773    0.9853    0.6467   0.05603   0.01037  0.001549
     10/29        0G   0.02129  0.009155 0.0002064   0.03065         9       640    0.9821    0.9781    0.9871    0.6519   0.05523   0.01061    0.0017
     11/29        0G   0.02059  0.009069 0.0001573   0.02982        10       640    0.9868    0.9848    0.9935    0.6598   0.05409   0.01049   0.00193
     12/29        0G   0.02028  0.008875 0.0001765   0.02933         7       640    0.9761    0.9777    0.9897    0.6628   0.05521   0.01033   0.00229
     13/29        0G      0.02   0.00895 0.0001476    0.0291         1       640    0.9644    0.9848    0.9911     0.669   0.05507   0.01015  0.002577
     14/29        0G   0.01907  0.008791 0.0001624   0.02802         5       640    0.9906    0.9785     0.995    0.6727   0.05556  0.009865    0.0027
     15/29        0G   0.01859  0.008575  0.000153   0.02731         1       640     0.982     0.984    0.9948    0.6708   0.05491   0.00994  0.002761
     16/29        0G   0.01855   0.00861 0.0001214   0.02728         7       640    0.9588    0.9848    0.9911    0.6825   0.05444  0.009953  0.003118
     17/29        0G   0.01823  0.008689 0.0001339   0.02706         1       640    0.9804    0.9848    0.9945     0.685   0.05387  0.009969  0.002732
     18/29        0G   0.01766   0.00857 0.0001266   0.02636         1       640    0.9755    0.9848    0.9949    0.6891   0.05379  0.009939  0.002666
     19/29        0G   0.01731  0.008343 0.0001227   0.02578         2       640     0.986    0.9939    0.9956    0.6868     0.054  0.009848  0.003159
     20/29        0G   0.01693  0.008187 0.0001003   0.02522         2       640    0.9812     0.997    0.9958    0.7016   0.05373  0.009741  0.002831
     21/29        0G   0.01692  0.008222 0.0001066   0.02525         4       640     0.986     0.997    0.9957     0.696   0.05391  0.009728  0.003216
     22/29        0G   0.01648    0.0083 9.291e-05   0.02487         2       640    0.9825    0.9879    0.9956    0.7002   0.05359  0.009894   0.00317
     23/29        0G   0.01626  0.008018 0.0001108   0.02439         5       640    0.9966    0.9878    0.9958    0.7078   0.05305   0.01009  0.003542
     24/29        0G   0.01616   0.00795 0.0001211   0.02423         2       640    0.9908      0.98    0.9957    0.7096   0.05337   0.00981  0.003631
     25/29        0G    0.0161  0.008042 0.0001133   0.02425         3       640    0.9999    0.9806     0.996    0.7084   0.05353  0.009782  0.003808
     26/29        0G   0.01586  0.008119 0.0001329   0.02411         1       640    0.9974    0.9849    0.9959    0.7112   0.05357  0.009843  0.003613
     27/29        0G    0.0157  0.008195 0.0001387   0.02403         2       640    0.9923    0.9879    0.9959    0.7055   0.05322  0.009762  0.003647
     28/29        0G   0.01595  0.007978 0.0001209   0.02405         7       640    0.9862    0.9879    0.9957    0.7106   0.05314  0.009736  0.003667
     29/29        0G   0.01557  0.008071 0.0001086   0.02375         7       640    0.9823    0.9889    0.9957    0.7088   0.05326  0.009733  0.003632
