0 0.08163355408388519 0.869558232931727 0.052273730684326725 0.10024096385542158
1 0.4934657836644591 0.7966266345381526 0.9861368653421635 0.40674673092369473
0 0.9183664459161147 0.13044176706827304 0.052273730684326725 0.10024096385542158
1 0.5065342163355409 0.20337336546184737 0.9861368653421635 0.40674673092369473
0 0.6719912051613405 0.04399352723479761 0.08205388609281239 0.08798705446959522
1 0.42546554389158364 0.38466527360555747 0.8509310877831673 0.7693305472111149
0 0.027690516785194415 0.8407361683147695 0.05538103357038883 0.1096220349443855
1 0.5 0.7710344485442286 1.0 0.4579311029115426
0 0.945619798796735 0.953182979499275 0.06576416086127734 0.0936340410014499
1 0.5 0.7271105689542181 1.0 0.5457788620915637
0 0.7145701015545223 0.9833139654627465 0.09827209523206637 0.03337206907450707
1 0.46559829741260667 0.580553731684163 0.9311965948252133 0.8388925366316741
0 0.05442272315616685 0.8596007559650367 0.05537329484349355 0.11919408727346359
1 0.5 0.7655266284634337 1.0 0.4689467430731328
0 0.08861133827746102 0.2981453392431459 0.060428330051871475 0.1696903241379221
1 0.49260676869677333 0.3757409960308896 0.9852135373935467 0.7514819920617792
0 0.9762441015097437 0.34373734862192395 0.047511796980512555 0.13895111577239277
1 0.5233654306184604 0.5098847862447914 0.9532691387630792 0.9802304275104171
0 0.030465865188244054 0.835215902782558 0.060609445767242365 0.1346392289498224
1 0.5 0.7331553644841861 1.0 0.5336892710316279
0 0.023887269599029037 0.6326911571298921 0.047774539198058075 0.16660676103434235
1 0.47501460265666506 0.6044534166985784 0.9500292053133301 0.791093166602843
0 0.9584282032396998 0.8239497995845899 0.07672306848519028 0.19683473808047813
1 0.5 0.5393138267012616 1.0 0.9213723465974769
0 0.9434640471006477 0.666290412429654 0.06918668998435618 0.10736401142330776
1 0.5255656874484268 0.6941460133811943 0.9488686251031465 0.6117079732376113
0 0.9183664459161147 0.869558232931727 0.052273730684326725 0.10024096385542158
1 0.5065342163355409 0.7966266345381526 0.9861368653421635 0.40674673092369473
1 0.5646823755832893 0.6050581692103231 0.8706352488334215 0.789883661579354
0 0.015061432107186499 0.29179527999119914 0.030122864214372998 0.11286918079860073
1 0.44710530137713494 0.2879797610459115 0.8942106027542699 0.575959522091823
0 0.9676982387599853 0.894759184887699 0.062145568313560995 0.10506738063364573
1 0.5 0.8025753243492488 1.0 0.3948493513015022
0 0.9233195786758067 0.19729407060643286 0.06249859133863289 0.11042589400756148
1 0.5 0.24749689199968336 1.0 0.4949937839993667
0 0.8975671578391476 0.7823154428703096 0.05717568180133381 0.1039714117002325
1 0.49261665829347234 0.7354352620099531 0.9852333165869447 0.47137704791577606
0 0.9964681504989359 0.4760285352779895 0.007063699002128221 0.1113325615348632
1 0.6088457170421866 0.6061500793316162 0.7823085659156268 0.7876998413367675
1 0.5308575376634372 0.2624469113198554 0.9382849246731254 0.5248938226397108
0 0.9888861575474975 0.37471118353791694 0.02222768490500493 0.11705914813053342
1 0.5970661200452608 0.5520919534523424 0.8058677599094785 0.8958160930953152
0 0.08688926295894334 0.13722800854341383 0.057780829401906306 0.11650181836174255
1 0.5 0.2291772584217774 1.0 0.4583545168435548
0 0.03752246151558677 0.7942340333798685 0.07400531714426663 0.12013703921816521
1 0.5 0.7392618968251018 1.0 0.5214762063497964
0 0.02636460392649303 0.42368461060190876 0.05272920785298606 0.108964130549623
1 0.4162752035371544 0.34316549182154676 0.8325504070743088 0.6863309836430935
0 0.9183664459161147 0.13044176706827304 0.052273730684326725 0.10024096385542158
1 0.5065342163355409 0.20337336546184737 0.9861368653421635 0.40674673092369473
