0 0.8896945692237059 0.5915686316674877 0.08649428259593162 0.09762531460414503
1 0.5 0.40808321479979054 1.0 0.8161664295995811
0 0.8528525552194768 0.08203674195471143 0.11356459876535208 0.09158858022295799
1 0.5 0.47768790878856093 1.0 0.9553758175771219
0 0.8592906638988216 0.12545416437045026 0.09582396503659862 0.09795152616512934
1 0.5 0.5 1.0 1.0
0 0.9413917821222348 0.4177693116479462 0.06454862420214702 0.08699875499498738
1 0.5 0.3750491368949476 1.0 0.5383474870840902
0 0.09287610619469025 0.4270445344129555 0.05238938053097346 0.1010526315789474
1 0.5056194690265486 0.48663915789473683 0.9883185840707965 0.4378952550607288
